0.99803	0.00197	0
0.1	0.9	0
0	0	1
0.99653	0.00347	0
0	0.95454	0.04546
0	0.125	0.875
0.99747	0.00253	0
0.11111	0.66667	0.22222
0	0	1
0.99272	0.00728	0
0.06061	0.87878	0.06061
0	0.11765	0.88235
0.98166	0.01798	0.00036
0.03571	0.78572	0.17857
0	0.0625	0.9375
0.97052	0.0292	0.00028
0.02586	0.83621	0.13793
0	0.05263	0.94737
0.95894	0.04062	0.00044
0.02326	0.72868	0.24806
0	0.1875	0.8125
0.95388	0.04612	0
0.03302	0.75	0.21698
0	0.08	0.92
0.94437	0.05563	0
0.01176	0.74118	0.24706
0	0.0303	0.9697
0.94029	0.05971	0
0.01911	0.7293	0.25159
0	0.05172	0.94828
0.94081	0.0588	0.00039
0.01602	0.75744	0.22654
0	0.08494	0.91506
0.92807	0.07139	0.00054
0.02676	0.73723	0.23601
0	0.07508	0.92492
0.92707	0.07293	0
0.04176	0.74942	0.20882
0	0.08488	0.91512
0.93092	0.06797	0.00111
0.05461	0.73447	0.21092
0	0.0994	0.9006
0.93276	0.06724	0
0.07051	0.69231	0.23718
0	0.15415	0.84585
0.95073	0.04927	0
0.09524	0.71939	0.18537
0.00313	0.12363	0.87324
0.92915	0.07085	0
0.11611	0.68247	0.20142
0	0.15227	0.84773
0.94848	0.05152	0
0.12474	0.7131	0.16216
0	0.13651	0.86349
0.93137	0.06765	0.00098
0.14059	0.68707	0.17234
0	0.13174	0.86826
0.94292	0.05602	0.00106
0.13568	0.70854	0.15578
0	0.17382	0.82618
0.96263	0.03737	0
0.14777	0.69838	0.15385
0.00181	0.14981	0.84838
0.95119	0.04643	0.00238
0.12568	0.68033	0.19399
0	0.18118	0.81882
0.96359	0.03641	0
0.16667	0.68889	0.14444
0	0.15473	0.84527
0.96864	0.03044	0.00092
0.13095	0.7	0.16905
0	0.17444	0.82556
0.96579	0.03421	0
0.15676	0.72432	0.11892
0.00474	0.18009	0.81517
0.97643	0.02286	0.00071
0.14135	0.7384	0.12025
0.00212	0.21186	0.78602
0.96036	0.03964	0
0.21053	0.68421	0.10526
0.00332	0.19269	0.80399
0.973	0.027	0
0.13068	0.75853	0.11079
0.00286	0.22857	0.76857
0.9743	0.0257	0
0.16265	0.72892	0.10843
0	0.18971	0.81029
0.97857	0.02024	0.00119
0.17667	0.69666	0.12667
0.00398	0.21913	0.77689
0.98392	0.01608	0
0.18685	0.7128	0.10035
0.0083	0.19917	0.79253
0.98713	0.0117	0.00117
0.16788	0.73358	0.09854
0.01105	0.20442	0.78453
0.98146	0.01854	0
0.16505	0.73786	0.09709
0	0.22764	0.77236
0.98792	0.01208	0
0.26144	0.67974	0.05882
0.00893	0.19643	0.79464
0.98674	0.01326	0
0.20395	0.73684	0.05921
0	0.2551	0.7449
0.99127	0.00873	0
0.22404	0.69946	0.0765
0	0.27966	0.72034
0.99219	0.00781	0
0.39	0.56	0.05
0	0.20833	0.79167
0.99507	0.00493	0
0.16	0.75	0.09
0	0.27586	0.72414
0.99577	0.00423	0
0.25532	0.65957	0.08511
0.025	0.325	0.65
0.99406	0.00445	0.00149
0.29032	0.61291	0.09677
0	0.35714	0.64286
0.99885	0.00115	0
0.22973	0.74324	0.02703
0	0.2381	0.7619
0.99663	0.00337	0
0.27778	0.69444	0.02778
0	0.21429	0.78571
0.99615	0.00385	0
0.30952	0.64286	0.04762
0.07143	0.21429	0.71428
0.99622	0.00378	0
0.28125	0.65625	0.0625
0	0.3	0.7
0.99809	0.00191	0
0.26316	0.73684	0
0	0.21053	0.78947
0.99485	0.00515	0
0.2	0.6	0.2
0	0.31579	0.68421
1	0	0
0.11111	0.77778	0.11111
0	0.28571	0.71429
1	0	0
0.13333	0.8	0.06667
0	0.4	0.6
0.99256	0.00744	0
0.55556	0.33333	0.11111
0	0.25	0.75
0.99709	0.00291	0
0.5	0.5	0
0	0.25	0.75
0.98326	0.01674	0
0.08955	0.77612	0.13433
0	0.31818	0.68182
0.97425	0.02575	0
0.03529	0.76471	0.2
0	0	1
0.96533	0.03431	0.00036
0.03053	0.7939	0.17557
0	0.13044	0.86956
0.95431	0.04535	0.00034
0.01277	0.77872	0.20851
0	0.07447	0.92553
0.9411	0.0589	0
0.02062	0.7457	0.23368
0	0.03604	0.96396
0.9241	0.07554	0.00036
0.04063	0.75395	0.20542
0	0.0567	0.9433
0.90795	0.09142	0.00063
0.03693	0.70739	0.25568
0	0.04459	0.95541
0.91934	0.08066	0
0.02439	0.72967	0.24594
0	0.08052	0.91948
0.9089	0.09039	0.00071
0.03614	0.70282	0.26104
0	0.08911	0.91089
0.91268	0.08732	0
0.05451	0.76316	0.18233
0.00201	0.09457	0.90342
0.92733	0.07267	0
0.09369	0.71172	0.19459
0.0015	0.13751	0.86099
0.91725	0.08197	0.00078
0.08259	0.69299	0.22442
0	0.13208	0.86792
0.92589	0.07411	0
0.13008	0.71138	0.15854
0	0.15176	0.84824
0.94201	0.05799	0
0.11603	0.72672	0.15725
0	0.14286	0.85714
0.94018	0.05982	0
0.12245	0.68979	0.18776
0.00161	0.15112	0.84727
0.95335	0.04597	0.00068
0.14697	0.71725	0.13578
0.0014	0.18042	0.81818
0.95183	0.04671	0.00146
0.13408	0.68156	0.18436
0	0.15962	0.84038
0.9596	0.0404	0
0.12257	0.72373	0.1537
0.00328	0.16885	0.82787
0.96265	0.03735	0
0.15213	0.68903	0.15884
0	0.17321	0.82679
0.96057	0.03704	0.00239
0.13232	0.70483	0.16285
0.00231	0.15242	0.84527
0.96007	0.03906	0.00087
0.17833	0.73363	0.08804
0.00213	0.17484	0.82303
0.95764	0.04108	0.00128
0.1547	0.69889	0.14641
0	0.17465	0.82535
0.96883	0.02992	0.00125
0.13569	0.71092	0.15339
0	0.16871	0.83129
0.96881	0.02924	0.00195
0.15366	0.7561	0.09024
0.00271	0.23848	0.75881
0.97943	0.02057	0
0.22807	0.66959	0.10234
0.00633	0.20886	0.78481
0.98928	0.01072	0
0.18814	0.72423	0.08763
0.00678	0.27119	0.72203
0.98966	0.01034	0
0.25911	0.67611	0.06478
0	0.2303	0.7697
0.98956	0.0094	0.00104
0.24444	0.67408	0.08148
0.00559	0.25698	0.73743
0.99548	0.00452	0
0.22624	0.71946	0.0543
0.00781	0.3125	0.67969
0.99324	0.00676	0
0.24771	0.72935	0.02294
0	0.4	0.6
0.99693	0.00307	0
0.23645	0.73892	0.02463
0	0.37037	0.62963
0.99777	0.00223	0
0.27097	0.67742	0.05161
0	0.34091	0.65909
0.99742	0.00258	0
0.33628	0.63717	0.02655
0	0.31429	0.68571
0.99787	0.00213	0
0.4	0.5579	0.0421
0	0.42857	0.57143
0.99753	0.00247	0
0.30435	0.68116	0.01449
0	0.33333	0.66667
0.9992	0.0008	0
0.33333	0.58975	0.07692
0	0.16667	0.83333
1	0	0
0.35714	0.64286	0
0	0	1
1	0	0
0.25	0.75	0
0	0	1
1	0	0
0.66667	0.33333	0
0	0	1
0.99862	0.00138	0
0	1	0
0	0	1
1	0	0
0.25	0.75	0
0	0	1
1	0	0
0.5	0.5	0
0	0	1
0.99821	0.00179	0
0.33333	0.66667	0
0	0	1
1	0	0
0.25	0.5	0.25
0	0.25	0.75
1	0	0
0	1	0
0	0.5	0.5
0.99848	0.00152	0
0.5	0.5	0
0	0	1
1	0	0
0.32143	0.67857	0
0	0.16667	0.83333
1	0	0
0	1	0
0	0.41667	0.58333
1	0	0
1	0	0
0	0.5	0.5
1	0	0
0.31429	0.61428	0.07143
0	0	1
0.99809	0.00191	0
0.0625	0.8125	0.125
0	0	1
0.99718	0.00282	0
0.0625	0.875	0.0625
0	0.6	0.4
0.99536	0.00435	0.00029
0.05882	0.79412	0.14706
0	0	1
0.99143	0.00857	0
0.05	0.75	0.2
0	0.15385	0.84615
0.98111	0.01889	0
0.07018	0.73684	0.19298
0	0.11765	0.88235
0.97291	0.02709	0
0.03158	0.8	0.16842
0	0.11539	0.88461
0.96306	0.03694	0
0.01471	0.73529	0.25
0	0.03774	0.96226
0.94437	0.05563	0
0.00521	0.74479	0.25
0	0.0678	0.9322
0.94444	0.05479	0.00077
0.0069	0.73103	0.26207
0	0.02609	0.97391
0.93371	0.06489	0.0014
0.00943	0.74843	0.24214
0	0.06289	0.93711
0.91426	0.08474	0.001
0.05753	0.70411	0.23836
0	0.08607	0.91393
0.93603	0.06397	0
0.04564	0.70436	0.25
0	0.07122	0.92878
0.93161	0.06782	0.00057
0.04555	0.67462	0.27983
0	0.10345	0.89655
0.92688	0.07246	0.00066
0.06765	0.69768	0.23467
0	0.08965	0.91035
0.92941	0.07059	0
0.07651	0.67438	0.24911
0	0.12698	0.87302
0.93122	0.06878	0
0.09091	0.65657	0.25252
0.00186	0.15955	0.83859
0.94715	0.05285	0
0.11333	0.715	0.17167
0	0.14693	0.85307
0.94105	0.05895	0
0.13882	0.68236	0.17882
0	0.15939	0.84061
0.94275	0.05725	0
0.13131	0.69091	0.17778
0.00322	0.13987	0.85691
0.92391	0.07609	0
0.12329	0.71461	0.1621
0	0.17969	0.82031
0.95032	0.04968	0
0.12381	0.74286	0.13333
0	0.15846	0.84154
0.96549	0.03451	0
0.159	0.70502	0.13598
0.00183	0.16117	0.837
0.94911	0.04971	0.00118
0.16164	0.68768	0.15068
0	0.17815	0.82185
0.9637	0.0363	0
0.1913	0.66087	0.14783
0.00239	0.1579	0.83971
0.95837	0.04072	0.00091
0.18402	0.67554	0.14044
0	0.21503	0.78497
0.96803	0.03197	0
0.17647	0.69251	0.13102
0	0.18814	0.81186
0.97282	0.02718	0
0.16805	0.6888	0.14315
0.00233	0.21678	0.78089
0.97561	0.02439	0
0.21935	0.63549	0.14516
0	0.18116	0.81884
0.97822	0.02178	0
0.18933	0.70934	0.10133
0.00325	0.18831	0.80844
0.98198	0.01802	0
0.21362	0.68421	0.10217
0.00347	0.20486	0.79167
0.98973	0.01027	0
0.19217	0.71886	0.08897
0.00427	0.28206	0.71367
0.98973	0.01027	0
0.18959	0.72863	0.08178
0	0.28636	0.71364
0.99103	0.00897	0
0.2621	0.65322	0.08468
0	0.22941	0.77059
0.99613	0.00387	0
0.22165	0.71649	0.06186
0.0087	0.33913	0.65217
0.98487	0.01513	0
0.17647	0.76471	0.05882
0	0.2449	0.7551
0.99226	0.00774	0
0.23129	0.71429	0.05442
0.01219	0.2561	0.73171
0.99436	0.00564	0
0.27647	0.64706	0.07647
0.0101	0.25253	0.73737
0.99258	0.00742	0
0.25352	0.67606	0.07042
0.02326	0.37209	0.60465
0.99272	0.00728	0
0.2	0.7579	0.0421
0.01961	0.27451	0.70588
0.9959	0.0041	0
0.33333	0.62821	0.03846
0	0.32353	0.67647
0.99854	0.00146	0
0.27451	0.68628	0.03921
0	0.36	0.64
0.99662	0.00113	0.00225
0.30303	0.66667	0.0303
0	0.23529	0.76471
0.99667	0.00333	0
0.43333	0.56667	0
0	0.33333	0.66667
0.99435	0.00377	0.00188
0.375	0.53125	0.09375
0	0.41667	0.58333
0.99627	0.00373	0
0.34615	0.53847	0.11538
0	0.33333	0.66667
0.99621	0.00379	0
0.1579	0.68421	0.15789
0	0.33333	0.66667
0.99657	0.00343	0
0.14286	0.80952	0.04762
0	0.35294	0.64706
0.9913	0.0087	0
0.33333	0.55556	0.11111
0	0.16667	0.83333
0.99769	0.00231	0
0.35714	0.5	0.14286
0	0.25	0.75
0.99753	0.00247	0
0.14286	0.85714	0
0	0.25	0.75
0.98545	0.01455	0
0.01667	0.81666	0.16667
0	0.17647	0.82353
0.97645	0.02355	0
0.01724	0.78448	0.19828
0	0.08333	0.91667
0.95749	0.04251	0
0.01361	0.77551	0.21088
0	0.07895	0.92105
0.94381	0.05619	0
0.01942	0.75728	0.2233
0	0.125	0.875
0.92969	0.06995	0.00036
0.03096	0.71827	0.25077
0	0.10949	0.89051
0.91727	0.08176	0.00097
0.02857	0.69143	0.28
0	0.08	0.92
0.91805	0.08195	0
0.02703	0.73153	0.24144
0.00364	0.06181	0.93455
0.90499	0.09433	0.00068
0.03234	0.7189	0.24876
0	0.07054	0.92946
0.91633	0.08309	0.00058
0.04991	0.7024	0.24769
0	0.06526	0.93474
0.91737	0.08108	0.00155
0.06043	0.70955	0.23002
0	0.10421	0.89579
0.92534	0.07466	0
0.06586	0.70537	0.22877
0	0.12637	0.87363
0.92885	0.07115	0
0.10265	0.66556	0.23179
0	0.14766	0.85234
0.93202	0.06716	0.00082
0.09794	0.69587	0.20619
0	0.15332	0.84668
0.92219	0.07781	0
0.12791	0.67635	0.19574
0	0.15764	0.84236
0.94366	0.05556	0.00078
0.14046	0.68091	0.17863
0	0.14597	0.85403
0.94124	0.05876	0
0.15854	0.6687	0.17276
0.00162	0.17124	0.82714
0.95675	0.04325	0
0.1579	0.70123	0.14087
0	0.17139	0.82861
0.94143	0.05857	0
0.18895	0.65407	0.15698
0.00471	0.16706	0.82823
0.9665	0.0335	0
0.14563	0.69709	0.15728
0.00171	0.19007	0.80822
0.95502	0.04383	0.00115
0.17391	0.71015	0.11594
0	0.17249	0.82751
0.96033	0.03967	0
0.17112	0.71391	0.11497
0	0.18056	0.81944
0.96796	0.03035	0.00169
0.20133	0.65929	0.13938
0	0.19718	0.80282
0.98254	0.01746	0
0.18732	0.70605	0.10663
0	0.17579	0.82421
0.9757	0.0243	0
0.20313	0.68125	0.11562
0.00926	0.20679	0.78395
0.97448	0.02552	0
0.19626	0.71496	0.08878
0	0.23197	0.76803
0.97439	0.02561	0
0.19808	0.71885	0.08307
0	0.24382	0.75618
0.98218	0.01782	0
0.22606	0.72341	0.05053
0	0.28745	0.71255
0.9891	0.0109	0
0.24528	0.68396	0.07076
0	0.38461	0.61539
0.99409	0.00591	0
0.24895	0.71308	0.03797
0	0.34839	0.65161
0.99357	0.00643	0
0.27586	0.69951	0.02463
0	0.35353	0.64647
0.99786	0.00214	0
0.25123	0.71429	0.03448
0.01613	0.40322	0.58065
1	0	0
0.34426	0.63388	0.02186
0	0.46429	0.53571
0.99787	0.00213	0
0.36066	0.62295	0.01639
0.05405	0.48649	0.45946
1	0	0
0.36471	0.62352	0.01177
0	0.37037	0.62963
0.9959	0.00307	0.00103
0.44262	0.54099	0.01639
0	0.25	0.75
1	0	0
0.42308	0.57692	0
0	0.57143	0.42857
1	0	0
0.32	0.68	0
0	0.25	0.75
0.99858	0.00142	0
0.33333	0.66667	0
0	0	1
1	0	0
0	1	0
0	1	0
0.99728	0.00272	0
0	1	0
0	0.5	0.5
0.99862	0.00138	0
0.125	0.875	0
0	0	1
0.99894	0.00106	0
0.33333	0.66667	0
0	0	1
1	0	0
1	0	0
0	0.05556	0.94444
1	0	0
0.33333	0.33334	0.33333
0	1	0
1	0	0
0	1	0
0	0	1
1	0	0
0.4	0.4	0.2
0	0	1
1	0	0
0	1	0
0	0.5	0.5
1	0	0
0	0.80952	0.19048
0	0.41667	0.58333
0.99775	0.00225	0
0.5	0.5	0
0	0.5	0.5
1	0	0
0.31429	0.61428	0.07143
0	0.375	0.625
0.99915	0.00085	0
0.14286	0.85714	0
0	0	1
0.99645	0.00355	0
0	0.85	0.15
0	0.14286	0.85714
0.9952	0.0048	0
0.03704	0.92592	0.03704
0	0	1
0.99214	0.00786	0
0.02381	0.7381	0.23809
0	0.35714	0.64286
0.98335	0.01633	0.00032
0.04546	0.75	0.20454
0	0	1
0.97216	0.02784	0
0.01802	0.77477	0.20721
0	0.07692	0.92308
0.96017	0.03945	0.00038
0.01961	0.69281	0.28758
0	0.02564	0.97436
0.9593	0.04011	0.00059
0.01068	0.72953	0.25979
0	0.03922	0.96078
0.94598	0.05353	0.00049
0.02612	0.76119	0.21269
0	0.03884	0.96116
0.93469	0.06449	0.00082
0.02521	0.70308	0.27171
0	0.05263	0.94737
0.92112	0.07888	0
0.0491	0.70284	0.24806
0	0.06114	0.93886
0.9434	0.05606	0.00054
0.04018	0.72768	0.23214
0	0.08654	0.91346
0.94195	0.05805	0
0.05618	0.68727	0.25655
0	0.12073	0.87927
0.93544	0.06334	0.00122
0.07431	0.7155	0.21019
0.00202	0.083	0.91498
0.9319	0.06741	0.00069
0.06681	0.7453	0.18789
0	0.10827	0.89173
0.93407	0.06531	0.00062
0.09282	0.72154	0.18564
0	0.12598	0.87402
0.9421	0.05712	0.00078
0.0996	0.70916	0.19124
0.00173	0.11092	0.88735
0.95507	0.04493	0
0.1	0.72222	0.17778
0	0.1756	0.8244
0.93292	0.06708	0
0.15	0.69048	0.15952
0	0.13666	0.86334
0.95981	0.04019	0
0.13944	0.7251	0.13546
0	0.14171	0.85829
0.94237	0.05662	0.00101
0.1307	0.71162	0.15768
0	0.16293	0.83707
0.9632	0.0368	0
0.14781	0.69284	0.15935
0	0.19154	0.80846
0.95402	0.04598	0
0.13136	0.70127	0.16737
0.00192	0.16858	0.8295
0.95935	0.04065	0
0.14674	0.74456	0.1087
0.00746	0.17662	0.81592
0.95618	0.04382	0
0.16	0.71692	0.12308
0	0.18408	0.81592
0.9674	0.0326	0
0.18267	0.69555	0.12178
0.0023	0.18391	0.81379
0.96928	0.02966	0.00106
0.17729	0.68975	0.13296
0.00275	0.17033	0.82692
0.97632	0.023	0.00068
0.2069	0.67026	0.12284
0	0.20297	0.79703
0.98387	0.01613	0
0.20974	0.66666	0.1236
0.00738	0.19926	0.79336
0.97557	0.02352	0.00091
0.21038	0.71757	0.07205
0.00348	0.22649	0.77003
0.98301	0.01699	0
0.20946	0.70608	0.08446
0	0.20307	0.79693
0.98373	0.01627	0
0.23827	0.67509	0.08664
0	0.21875	0.78125
0.97833	0.02167	0
0.21933	0.69517	0.0855
0	0.24581	0.75419
0.99157	0.00843	0
0.2201	0.72248	0.05742
0.02632	0.23684	0.73684
0.99142	0.00858	0
0.18785	0.7569	0.05525
0.01149	0.2069	0.78161
0.98621	0.01379	0
0.24823	0.6312	0.12057
0.01219	0.41464	0.57317
0.99378	0.00622	0
0.22727	0.70455	0.06818
0	0.26471	0.73529
0.99728	0.00272	0
0.19858	0.7305	0.07092
0	0.27907	0.72093
0.99709	0.00291	0
0.2029	0.75362	0.04348
0.03226	0.25806	0.70968
0.99881	0.00119	0
0.30435	0.65217	0.04348
0	0.125	0.875
0.99204	0.00796	0
0.14286	0.77777	0.07937
0	0.19231	0.80769
0.99429	0.00571	0
0.26667	0.73333	0
0	0.33333	0.66667
0.99779	0.00221	0
0.28302	0.64151	0.07547
0	0.2	0.8
0.9951	0.0049	0
0.21739	0.78261	0
0	0.625	0.375
0.99444	0.00556	0
0.20833	0.75	0.04167
0	0.09091	0.90909
0.99632	0.00368	0
0.26316	0.73684	0
0	0.11111	0.88889
0.99811	0.00189	0
0.15	0.7	0.15
0	0.07692	0.92308
0.99658	0.00342	0
0.08	0.84	0.08
0	0.25	0.75
1	0	0
0	0.88889	0.11111
0.16667	0	0.83333
0.99771	0.00229	0
0.33333	0.55556	0.11111
0	0.4	0.6
0.98596	0.01404	0
0.04	0.9	0.06
0	0.08333	0.91667
0.98222	0.01778	0
0.07921	0.73267	0.18812
0	0.20833	0.79167
0.96583	0.03417	0
0.02907	0.68605	0.28488
0	0.11111	0.88889
0.94992	0.04941	0.00067
0.0241	0.70281	0.27309
0.01515	0.07576	0.90909
0.93664	0.06258	0.00078
0.02215	0.73734	0.24051
0	0.03922	0.96078
0.92122	0.0784	0.00038
0.02483	0.72009	0.25508
0	0.05392	0.94608
0.91605	0.08343	0.00052
0.01882	0.73648	0.2447
0	0.04598	0.95402
0.92932	0.07068	0
0.03622	0.69134	0.27244
0	0.07161	0.92839
0.91847	0.07929	0.00224
0.04279	0.72298	0.23423
0	0.09538	0.90462
0.91641	0.08359	0
0.06847	0.71351	0.21802
0.00173	0.09672	0.90155
0.90812	0.09188	0
0.08445	0.71977	0.19578
0	0.10758	0.89242
0.93755	0.06087	0.00158
0.11652	0.71478	0.1687
0	0.14122	0.85878
0.93992	0.05875	0.00133
0.10441	0.71288	0.18271
0	0.12172	0.87828
0.94812	0.05104	0.00084
0.1087	0.7224	0.1689
0.00136	0.15804	0.8406
0.93001	0.06999	0
0.15222	0.69942	0.14836
0	0.14169	0.85831
0.94376	0.05624	0
0.14423	0.71955	0.13622
0	0.16398	0.83602
0.94434	0.05468	0.00098
0.1498	0.69231	0.15789
0.00168	0.16917	0.82915
0.95649	0.04286	0.00065
0.16114	0.69826	0.1406
0	0.17311	0.82689
0.96143	0.03857	0
0.1365	0.72107	0.14243
0.00246	0.16749	0.83005
0.96405	0.03595	0
0.16468	0.69842	0.1369
0.00362	0.14105	0.85533
0.96222	0.03778	0
0.16503	0.71182	0.12315
0	0.16584	0.83416
0.96505	0.03495	0
0.16359	0.72823	0.10818
0.00756	0.18891	0.80353
0.97256	0.02663	0.00081
0.1555	0.71292	0.13158
0	0.20393	0.79607
0.96718	0.03282	0
0.18125	0.68437	0.13438
0.0031	0.19814	0.79876
0.97245	0.02755	0
0.18361	0.69836	0.11803
0.00344	0.21993	0.77663
0.9722	0.0278	0
0.21622	0.7027	0.08108
0.00353	0.26502	0.73145
0.98564	0.01436	0
0.17924	0.74529	0.07547
0.00833	0.25834	0.73333
0.98682	0.01318	0
0.19241	0.73984	0.06775
0	0.2359	0.7641
0.99357	0.00643	0
0.24519	0.70193	0.05288
0	0.33981	0.66019
0.99064	0.00936	0
0.24891	0.71615	0.03494
0.01818	0.3	0.68182
0.99695	0.00305	0
0.2623	0.72677	0.01093
0.02899	0.49275	0.47826
0.99797	0.00203	0
0.28488	0.69768	0.01744
0	0.5814	0.4186
0.99632	0.00368	0
0.30282	0.67605	0.02113
0	0.29412	0.70588
1	0	0
0.36458	0.61459	0.02083
0	0.42105	0.57895
0.99762	0.00238	0
0.30159	0.68254	0.01587
0	0.33333	0.66667
1	0	0
0.25641	0.71795	0.02564
0	0.45454	0.54546
0.99765	0.00235	0
0.32353	0.67647	0
0	0.33333	0.66667
0.99922	0.00078	0
0.42105	0.57895	0
0	0.33333	0.66667
1	0	0
0.28571	0.71429	0
0	0.25	0.75
0.99875	0.00125	0
0.4	0.6	0
0	0.33333	0.66667
1	0	0
0	1	0
0	0	1
1	0	0
0.125	0.875	0
0	0	1
0.99894	0.00106	0
0	1	0
0	0	1
1	0	0
0.19815	0.65926	0.14259
0	0.25	0.75
1	0	0
0	0.5	0.5
0	0	1
1	0	0
0.5	0.5	0
0	0	1
1	0	0
0.5	0.5	0
0	0	1
1	0	0
0	0.66667	0.33333
0	0	1
1	0	0
0.28231	0.69728	0.02041
0	0.5	0.5
1	0	0
0.5	0	0.5
0	0.375	0.625
0.99754	0.00246	0
0.125	0.625	0.25
0	0	1
0.99772	0.00228	0
0.06667	0.93333	0
0	0.66667	0.33333
0.99562	0.00438	0
0	0.80645	0.19355
0	0.11111	0.88889
0.98921	0.01079	0
0.07143	0.88095	0.04762
0	0.25	0.75
0.98358	0.01642	0
0.03175	0.80952	0.15873
0	0.05263	0.94737
0.96942	0.03025	0.00033
0.02381	0.77381	0.20238
0	0.04	0.96
0.95928	0.04072	0
0.02162	0.74595	0.23243
0	0.12766	0.87234
0.94214	0.05708	0.00078
0.01415	0.73113	0.25472
0	0.03614	0.96386
0.94307	0.05693	0
0.02326	0.72093	0.25581
0	0.06358	0.93642
0.92465	0.07535	0
0.02516	0.72641	0.24843
0	0.06369	0.93631
0.9391	0.0609	0
0.03341	0.6969	0.26969
0	0.08244	0.91756
0.93455	0.06545	0
0.03153	0.72072	0.24775
0	0.10611	0.89389
0.93835	0.06165	0
0.04814	0.70241	0.24945
0	0.09744	0.90256
0.94241	0.05759	0
0.04702	0.73056	0.22242
0	0.11855	0.88145
0.93893	0.06043	0.00064
0.09751	0.64523	0.25726
0	0.10127	0.89873
0.92498	0.07502	0
0.09234	0.70334	0.20432
0.00184	0.09375	0.90441
0.94264	0.05736	0
0.1087	0.67725	0.21405
0	0.12689	0.87311
0.94582	0.05259	0.00159
0.11968	0.67342	0.2069
0.00164	0.1445	0.85386
0.95664	0.04283	0.00053
0.1305	0.69803	0.17147
0	0.16667	0.83333
0.95346	0.04654	0
0.12679	0.68661	0.1866
0.00215	0.13763	0.86022
0.9573	0.04115	0.00155
0.1491	0.68987	0.16103
0	0.15973	0.84027
0.95578	0.04422	0
0.1524	0.71816	0.12944
0	0.17418	0.82582
0.9551	0.04388	0.00102
0.18765	0.65083	0.16152
0.00231	0.20371	0.79398
0.96765	0.03235	0
0.14286	0.72878	0.12836
0	0.23438	0.76562
0.95923	0.03964	0.00113
0.19474	0.69737	0.10789
0	0.15489	0.84511
0.97121	0.02879	0
0.16474	0.71387	0.12139
0.00272	0.19293	0.80435
0.97621	0.02294	0.00085
0.2029	0.68357	0.11353
0.00246	0.16257	0.83497
0.97755	0.02245	0
0.17994	0.70207	0.11799
0.00286	0.20285	0.79429
0.97401	0.02599	0
0.22248	0.68618	0.09134
0.00526	0.27632	0.71842
0.98465	0.01535	0
0.22358	0.68699	0.08943
0.00806	0.18146	0.81048
0.98611	0.01389	0
0.21471	0.70294	0.08235
0	0.26721	0.73279
0.99291	0.00709	0
0.22662	0.70144	0.07194
0.00858	0.27039	0.72103
0.98561	0.01439	0
0.2459	0.66394	0.09016
0.00575	0.24712	0.74713
0.99525	0.00475	0
0.24506	0.6917	0.06324
0	0.27848	0.72152
0.99193	0.00807	0
0.22051	0.69231	0.08718
0	0.25	0.75
0.98934	0.01066	0
0.2963	0.64197	0.06173
0.01282	0.26923	0.71795
0.99329	0.00671	0
0.28889	0.68148	0.02963
0.01563	0.25	0.73437
0.99156	0.00844	0
0.25	0.68103	0.06897
0	0.27119	0.72881
0.99557	0.00443	0
0.36923	0.6	0.03077
0	0.25	0.75
0.99572	0.00428	0
0.25806	0.62904	0.1129
0	0.28	0.72
0.99422	0.00578	0
0.31818	0.65152	0.0303
0	0.25641	0.74359
0.99472	0.00528	0
0.31667	0.61666	0.06667
0	0.42308	0.57692
0.99859	0.00141	0
0.30233	0.67441	0.02326
0.08333	0.25	0.66667
0.99564	0.00436	0
0.38095	0.59524	0.02381
0	0.21429	0.78571
0.99837	0.00163	0
0.38461	0.53847	0.07692
0	0	1
0.99816	0.00184	0
0.18182	0.81818	0
0	0.18182	0.81818
0.99634	0.00366	0
0.23529	0.58824	0.17647
0	0.625	0.375
0.99623	0.00377	0
0.25	0.75	0
0	0.06667	0.93333
0.99658	0.00342	0
0.07692	0.84616	0.07692
0	0.54546	0.45454
1	0	0
0.375	0.375	0.25
0	0.16667	0.83333
0.99208	0.00792	0
0.03846	0.88462	0.07692
0	0.2	0.8
0.97954	0.02046	0
0.05319	0.70213	0.24468
0	0.14286	0.85714
0.95594	0.04375	0.00031
0.04348	0.74637	0.21015
0	0.10526	0.89474
0.94229	0.05771	0
0.01277	0.74893	0.2383
0	0.08989	0.91011
0.92623	0.07377	0
0.01835	0.70948	0.27217
0	0.03846	0.96154
0.9234	0.07618	0.00042
0.03023	0.67758	0.29219
0	0.02841	0.97159
0.91736	0.08223	0.00041
0.02617	0.72523	0.2486
0	0.05863	0.94137
0.91562	0.08324	0.00114
0.04339	0.69421	0.2624
0	0.10169	0.89831
0.93096	0.06904	0
0.05031	0.71384	0.23585
0	0.08396	0.91604
0.91339	0.08581	0.0008
0.06769	0.69214	0.24017
0	0.0798	0.9202
0.92824	0.07176	0
0.08688	0.68825	0.22487
0.00156	0.10575	0.89269
0.92789	0.07124	0.00087
0.08029	0.69526	0.22445
0	0.13158	0.86842
0.93536	0.06384	0.0008
0.10976	0.65331	0.23693
0	0.1463	0.8537
0.93954	0.05978	0.00068
0.13214	0.70636	0.1615
0	0.15487	0.84513
0.95079	0.04921	0
0.14286	0.70443	0.15271
0	0.16273	0.83727
0.9477	0.0523	0
0.12984	0.70737	0.16279
0	0.15232	0.84768
0.95818	0.04182	0
0.15994	0.65994	0.18012
0.00141	0.16973	0.82886
0.95873	0.04127	0
0.13226	0.6994	0.16834
0	0.18467	0.81533
0.95937	0.04063	0
0.16452	0.69516	0.14032
0.0016	0.1744	0.824
0.95034	0.04966	0
0.16224	0.72862	0.10914
0.0026	0.1974	0.8
0.96558	0.03351	0.00091
0.21795	0.6688	0.11325
0.00369	0.22694	0.76937
0.96999	0.02894	0.00107
0.21282	0.68462	0.10256
0.00258	0.19897	0.79845
0.96851	0.0304	0.00109
0.18325	0.71727	0.09948
0.00278	0.19167	0.80555
0.97874	0.02126	0
0.18116	0.74155	0.07729
0.00526	0.2	0.79474
0.97738	0.02149	0.00113
0.19936	0.71382	0.08682
0.00332	0.19934	0.79734
0.98341	0.01659	0
0.19269	0.74751	0.0598
0	0.26718	0.73282
0.98551	0.01449	0
0.21939	0.70663	0.07398
0.00417	0.29166	0.70417
0.98627	0.01373	0
0.20447	0.73802	0.05751
0.02	0.31	0.67
0.99363	0.00637	0
0.29499	0.66666	0.03835
0.01724	0.36207	0.62069
0.99515	0.00485	0
0.26344	0.6828	0.05376
0.01266	0.3924	0.59494
0.99731	0.00269	0
0.2657	0.71014	0.02416
0.01205	0.37349	0.61446
0.99806	0.00194	0
0.30588	0.68824	0.00588
0	0.48571	0.51429
0.99516	0.00484	0
0.40136	0.59864	0
0	0.47619	0.52381
0.99822	0.00178	0
0.4	0.59091	0.00909
0.03704	0.37037	0.59259
0.99803	0.00197	0
0.46269	0.52239	0.01492
0	0.38461	0.61539
1	0	0
0.5098	0.47059	0.01961
0	0.30769	0.69231
0.99901	0.00099	0
0.39394	0.57576	0.0303
0	0.57143	0.42857
1	0	0
0.5	0.5	0
0	0.5	0.5
0.99844	0.00156	0
0.35714	0.64286	0
0	0	1
1	0	0
0.33333	0.5	0.16667
0	0	1
1	0	0
0.28571	0.71429	0
0.0625	0.33333	0.60417
1	0	0
0.33333	0.66667	0
0	0	1
1	0	0
0.14286	0.85714	0
0	0	1
1	0	0
0.25	0.5	0.25
0	0	1
1	0	0
0.06667	0.8037	0.12963
0	0.1875	0.8125
1	0	0
0	1	0
0	0	1
0.99824	0.00176	0
1	0	0
0	0	1
1	0	0
0	1	0
0	0.5	0.5
1	0	0
0	1	0
0	0	1
1	0	0
0.31429	0.61428	0.07143
0	0.375	0.625
0.99864	0.00136	0
0	1	0
0	0	1
0.9989	0.0011	0
0	0.92857	0.07143
0	0.33333	0.66667
0.99601	0.00399	0
0.16667	0.83333	0
0	1	0
0.98983	0.01017	0
0.04762	0.80952	0.14286
0	0.21429	0.78571
0.98223	0.01777	0
0.03947	0.80264	0.15789
0	0	1
0.97437	0.02533	0.0003
0.06481	0.66667	0.26852
0	0.10714	0.89286
0.96144	0.03856	0
0.00629	0.78616	0.20755
0	0	1
0.95177	0.04761	0.00062
0.01773	0.69503	0.28724
0	0.04762	0.95238
0.9453	0.0547	0
0.01316	0.75658	0.23026
0	0.06618	0.93382
0.93815	0.06152	0.00033
0.0158	0.73138	0.25282
0	0.04	0.96
0.92881	0.07119	0
0.02062	0.76289	0.21649
0	0.04425	0.95575
0.92637	0.07317	0.00046
0.02637	0.72748	0.24615
0.00271	0.0542	0.94309
0.93223	0.06777	0
0.03158	0.72	0.24842
0	0.09794	0.90206
0.9417	0.0577	0.0006
0.07051	0.6859	0.24359
0	0.08155	0.91845
0.93534	0.06418	0.00048
0.07095	0.71452	0.21453
0	0.09247	0.90753
0.94419	0.05581	0
0.08658	0.69913	0.21429
0	0.12862	0.87138
0.93778	0.06146	0.00076
0.10156	0.70117	0.19727
0	0.12416	0.87584
0.95725	0.04145	0.0013
0.1209	0.6943	0.1848
0.00283	0.11332	0.88385
0.9599	0.0401	0
0.09054	0.74897	0.16049
0	0.13622	0.86378
0.96728	0.03219	0.00053
0.15031	0.69632	0.15337
0.00299	0.142	0.85501
0.95902	0.04098	0
0.12121	0.70707	0.17172
0.00418	0.12344	0.87238
0.96865	0.03135	0
0.12903	0.71573	0.15524
0.0017	0.15306	0.84524
0.96289	0.03711	0
0.16702	0.66808	0.1649
0	0.13978	0.86022
0.95472	0.04528	0
0.14568	0.72839	0.12593
0.00243	0.17718	0.82039
0.96961	0.02898	0.00141
0.16248	0.71373	0.12379
0.00441	0.15198	0.84361
0.9696	0.0304	0
0.15406	0.71989	0.12605
0	0.18414	0.81586
0.97647	0.02353	0
0.14826	0.71511	0.13663
0	0.21006	0.78994
0.97164	0.02755	0.00081
0.16755	0.72341	0.10904
0.00517	0.20155	0.79328
0.97647	0.02353	0
0.24773	0.64049	0.11178
0.00629	0.21383	0.77988
0.98434	0.01566	0
0.17352	0.73516	0.09132
0.00641	0.20513	0.78846
0.97696	0.02304	0
0.17544	0.74123	0.08333
0	0.24215	0.75785
0.98677	0.01323	0
0.18069	0.73831	0.081
0	0.20574	0.79426
0.9847	0.0153	0
0.23019	0.69811	0.0717
0.00532	0.28723	0.70745
0.98529	0.01373	0.00098
0.24201	0.70776	0.05023
0	0.23026	0.76974
0.98828	0.01172	0
0.27232	0.69643	0.03125
0	0.23077	0.76923
0.98635	0.01365	0
0.24713	0.70114	0.05173
0.00909	0.20909	0.78182
0.99548	0.00452	0
0.23134	0.69403	0.07463
0	0.25758	0.74242
0.99784	0.00216	0
0.27193	0.68421	0.04386
0	0.21569	0.78431
0.9953	0.0047	0
0.30392	0.66667	0.02941
0	0.23529	0.76471
0.99403	0.00597	0
0.25743	0.66336	0.07921
0	0.24138	0.75862
0.9972	0.0028	0
0.26531	0.65306	0.08163
0	0.28	0.72
0.99319	0.00681	0
0.2069	0.68965	0.10345
0	0.19355	0.80645
0.9987	0.0013	0
0.21154	0.73077	0.05769
0	0.52632	0.47368
0.99445	0.00555	0
0.27273	0.69697	0.0303
0	0.22222	0.77778
0.99785	0.00215	0
0.14286	0.82857	0.02857
0	0.21739	0.78261
0.99518	0.00482	0
0.4	0.53333	0.06667
0	0.2	0.8
0.99633	0.00367	0
0.28571	0.61905	0.09524
0	0.11111	0.88889
0.99453	0.00547	0
0.17647	0.82353	0
0	0.16667	0.83333
0.99625	0.00375	0
0.2	0.73333	0.06667
0	0.28571	0.71429
1	0	0
0.2	0.76667	0.03333
0	0.28571	0.71429
0.99067	0.00933	0
0.10256	0.69231	0.20513
0	0.16667	0.83333
0.97749	0.02251	0
0.02632	0.77631	0.19737
0	0	1
0.96312	0.03688	0
0.0292	0.75182	0.21898
0	0.05714	0.94286
0.94728	0.05272	0
0.024	0.728	0.248
0	0.03125	0.96875
0.93648	0.06319	0.00033
0.0109	0.75477	0.23433
0	0.0146	0.9854
0.91939	0.07985	0.00076
0.01345	0.75561	0.23094
0	0.02804	0.97196
0.91839	0.08116	0.00045
0.0372	0.73304	0.22976
0	0.05208	0.94792
0.9248	0.07386	0.00134
0.03141	0.66942	0.29917
0	0.06619	0.93381
0.92502	0.07498	0
0.03668	0.68726	0.27606
0	0.08054	0.91946
0.93355	0.06598	0.00047
0.05505	0.71865	0.2263
0	0.0858	0.9142
0.9188	0.0812	0
0.07237	0.73245	0.19518
0.00208	0.0875	0.91042
0.92066	0.07866	0.00068
0.07573	0.69708	0.22719
0	0.13031	0.86969
0.93255	0.06745	0
0.10497	0.69982	0.19521
0.00153	0.11504	0.88343
0.94413	0.05506	0.00081
0.11172	0.69414	0.19414
0.0015	0.12874	0.86976
0.96175	0.03688	0.00137
0.13501	0.71585	0.14914
0.00136	0.12824	0.8704
0.95191	0.04809	0
0.14546	0.69752	0.15702
0	0.14532	0.85468
0.95272	0.04728	0
0.14793	0.68836	0.16371
0.00336	0.14932	0.84732
0.95894	0.04106	0
0.145	0.70833	0.14667
0.00143	0.16381	0.83476
0.94366	0.05634	0
0.10843	0.75703	0.13454
0	0.17572	0.82428
0.96468	0.0347	0.00062
0.17219	0.72516	0.10265
0.00332	0.16445	0.83223
0.9712	0.0288	0
0.16111	0.71111	0.12778
0.0029	0.17391	0.82319
0.97008	0.02992	0
0.16068	0.72304	0.11628
0.00637	0.18471	0.80892
0.97674	0.02225	0.00101
0.16442	0.73315	0.10243
0.00286	0.19428	0.80286
0.97404	0.02492	0.00104
0.18598	0.71699	0.09703
0.00912	0.18237	0.80851
0.98561	0.01439	0
0.17317	0.73659	0.09024
0	0.23952	0.76048
0.97627	0.02373	0
0.21263	0.71428	0.07309
0	0.22015	0.77985
0.99155	0.00845	0
0.2129	0.73226	0.05484
0.01429	0.19523	0.79048
0.98632	0.01368	0
0.21703	0.73077	0.0522
0.00505	0.26263	0.73232
0.99162	0.00838	0
0.24104	0.70033	0.05863
0	0.31579	0.68421
0.99459	0.00541	0
0.26087	0.71572	0.02341
0.00826	0.36364	0.6281
0.99425	0.00575	0
0.34568	0.61111	0.04321
0	0.40351	0.59649
0.99744	0.00256	0
0.24309	0.73481	0.0221
0	0.5	0.5
0.99907	0.00093	0
0.38235	0.61765	0
0	0.52632	0.47368
0.99908	0.00092	0
0.40777	0.59223	0
0	0.54546	0.45454
0.99914	0.00086	0
0.42857	0.55844	0.01299
0	0.35294	0.64706
0.99809	0.00191	0
0.45238	0.52381	0.02381
0	0.22222	0.77778
0.99887	0.00113	0
0.25	0.75	0
0	0.7	0.3
1	0	0
0.375	0.58333	0.04167
0	0.25	0.75
1	0	0
0.28571	0.71429	0
0	0	1
1	0	0
0.18182	0.81818	0
0	0.5	0.5
0.9986	0.0014	0
0.33333	0.33334	0.33333
0	0.5	0.5
0.99875	0.00125	0
0.6	0.4	0
0	0	1
1	0	0
0.25	0.75	0
0	0	1
1	0	0
0.16667	0.83333	0
0	0	1
0.99894	0.00106	0
0	0.5	0.5
0	0	1
1	0	0
0.38439	0.57751	0.0381
0	0.16667	0.83333
1	0	0
0	1	0
0	0	1
1	0	0
0	0	1
0	0	1
1	0	0
0	1	0
0	1	0
0.99848	0.00152	0
0	1	0
0	0.5	0.5
0.99944	0.00056	0
0	0.85714	0.14286
0	0	1
0.99836	0.00164	0
0	0.58333	0.41667
0	0	1
0.9978	0.0022	0
0	0.66667	0.33333
0	0	1
0.99084	0.00916	0
0.02857	0.82857	0.14286
0	0.15376	0.84624
0.98195	0.01805	0
0.01351	0.72973	0.25676
0	0.23529	0.76471
0.96646	0.03325	0.00029
0.01626	0.65041	0.33333
0	0	1
0.95941	0.04059	0
0.03125	0.73125	0.2375
0	0.09091	0.90909
0.94805	0.05195	0
0.0125	0.67083	0.31667
0	0.05333	0.94667
0.93716	0.06284	0
0.01409	0.69859	0.28732
0	0	1
0.93698	0.06302	0
0.02965	0.73315	0.2372
0	0.04569	0.95431
0.93006	0.06959	0.00035
0.02682	0.72414	0.24904
0	0.07932	0.92068
0.92667	0.07333	0
0.02988	0.71495	0.25517
0	0.07333	0.92667
0.93041	0.06959	0
0.05294	0.72157	0.22549
0	0.0846	0.9154
0.93765	0.06235	0
0.05411	0.70341	0.24248
0	0.09829	0.90171
0.93812	0.06064	0.00124
0.09211	0.67543	0.23246
0	0.09945	0.90055
0.95338	0.04662	0
0.11457	0.69885	0.18658
0	0.12766	0.87234
0.94587	0.05413	0
0.09631	0.68853	0.21516
0	0.12013	0.87987
0.93634	0.06366	0
0.10311	0.67315	0.22374
0	0.14263	0.85737
0.95806	0.04129	0.00065
0.11539	0.67033	0.21428
0	0.12551	0.87449
0.9444	0.0548	0.0008
0.11824	0.70741	0.17435
0	0.1637	0.8363
0.96741	0.03259	0
0.11803	0.73115	0.15082
0	0.15156	0.84844
0.95537	0.04463	0
0.15303	0.68074	0.16623
0	0.1567	0.8433
0.96847	0.03153	0
0.1749	0.6893	0.1358
0	0.17944	0.82056
0.96995	0.03005	0
0.12649	0.72554	0.14797
0	0.12762	0.87238
0.96699	0.03301	0
0.14493	0.72947	0.1256
0.00257	0.17738	0.82005
0.96982	0.03018	0
0.17119	0.70981	0.119
0.00223	0.17372	0.82405
0.97257	0.02743	0
0.16	0.70286	0.13714
0	0.18619	0.81381
0.97199	0.02801	0
0.18584	0.69322	0.12094
0.00637	0.19427	0.79936
0.97231	0.02769	0
0.18229	0.75	0.06771
0	0.20057	0.79943
0.97685	0.02315	0
0.1875	0.70066	0.11184
0	0.22105	0.77895
0.98726	0.01274	0
0.18735	0.72263	0.09002
0.0035	0.23776	0.75874
0.98561	0.01336	0.00103
0.17143	0.77143	0.05714
0.00532	0.25532	0.73936
0.99281	0.00719	0
0.28378	0.65879	0.05743
0.00521	0.24479	0.75
0.99084	0.00916	0
0.27059	0.65098	0.07843
0	0.26974	0.73026
0.99244	0.00756	0
0.26961	0.69608	0.03431
0.0155	0.21706	0.76744
0.99136	0.00864	0
0.28643	0.63317	0.0804
0	0.20561	0.79439
0.99432	0.00568	0
0.31446	0.62265	0.06289
0	0.17895	0.82105
0.99341	0.00659	0
0.32456	0.58772	0.08772
0	0.23729	0.76271
0.99582	0.00418	0
0.25275	0.6923	0.05495
0	0.37778	0.62222
0.99544	0.00456	0
0.29762	0.59524	0.10714
0	0.26191	0.73809
0.99497	0.00503	0
0.32954	0.64773	0.02273
0	0.25	0.75
0.99862	0.00138	0
0.2439	0.70732	0.04878
0	0.13636	0.86364
0.99887	0.00113	0
0.30769	0.65385	0.03846
0	0.19355	0.80645
0.99233	0.00767	0
0.26531	0.63265	0.10204
0	0	1
0.99725	0.00275	0
0.27586	0.68966	0.03448
0	0	1
0.99786	0.00214	0
0.47222	0.47222	0.05556
0	0.21053	0.78947
0.99521	0.00479	0
0.08333	0.75	0.16667
0	0.2	0.8
1	0	0
0.125	0.8125	0.0625
0	0.3	0.7
0.99818	0.00182	0
0.16667	0.77777	0.05556
0	0.6	0.4
1	0	0
0.35294	0.58824	0.05882
0	0.18182	0.81818
0.9891	0.0109	0
0.03125	0.75	0.21875
0	0.16667	0.83333
0.97555	0.02445	0
0.03448	0.81035	0.15517
0	0.07692	0.92308
0.96096	0.03904	0
0.00725	0.74637	0.24638
0	0.11111	0.88889
0.94859	0.05141	0
0.03084	0.67841	0.29075
0	0.03175	0.96825
0.93369	0.06564	0.00067
0.01433	0.67621	0.30946
0	0.01613	0.98387
0.92442	0.07558	0
0.01496	0.71154	0.2735
0	0.05405	0.94595
0.92409	0.0755	0.00041
0.01628	0.69981	0.28391
0	0.03834	0.96166
0.92155	0.07845	0
0.03202	0.68738	0.2806
0	0.05541	0.94459
0.91319	0.08681	0
0.0485	0.69899	0.25251
0	0.0639	0.9361
0.91667	0.08267	0.00066
0.06615	0.7393	0.19455
0	0.08303	0.91697
0.93852	0.06098	0.0005
0.0797	0.70827	0.21203
0	0.11973	0.88027
0.93057	0.06943	0
0.07219	0.71125	0.21656
0	0.11597	0.88403
0.92374	0.07626	0
0.10948	0.68791	0.20261
0	0.11245	0.88755
0.94247	0.05753	0
0.12642	0.68113	0.19245
0	0.14663	0.85337
0.95277	0.04642	0.00081
0.10694	0.69794	0.19512
0	0.13372	0.86628
0.95652	0.04348	0
0.14735	0.67219	0.18046
0	0.1619	0.8381
0.93869	0.06051	0.0008
0.14777	0.70446	0.14777
0	0.14514	0.85486
0.94223	0.05777	0
0.1343	0.70661	0.15909
0	0.15986	0.84014
0.9606	0.03868	0.00072
0.14262	0.70637	0.15101
0	0.17211	0.82789
0.96506	0.03494	0
0.16479	0.706	0.12921
0	0.17625	0.82375
0.97294	0.02706	0
0.16526	0.69646	0.13828
0.00177	0.17731	0.82092
0.97253	0.02747	0
0.15681	0.71893	0.12426
0	0.19091	0.80909
0.97035	0.02965	0
0.20043	0.7069	0.09267
0	0.19725	0.80275
0.98055	0.01945	0
0.19889	0.70166	0.09945
0	0.19375	0.80625
0.98119	0.01881	0
0.19429	0.70857	0.09714
0.0033	0.22112	0.77558
0.98688	0.01312	0
0.19451	0.74065	0.06484
0.00344	0.25773	0.73883
0.99381	0.00619	0
0.18919	0.74662	0.06419
0	0.22078	0.77922
0.99008	0.00992	0
0.22464	0.70652	0.06884
0.00546	0.27869	0.71585
0.99158	0.00842	0
0.2806	0.68059	0.03881
0.0061	0.32317	0.67073
0.99122	0.00878	0
0.25735	0.70221	0.04044
0.0082	0.40983	0.58197
0.99596	0.00404	0
0.27715	0.69289	0.02996
0	0.36145	0.63855
0.99891	0.00109	0
0.36221	0.62204	0.01575
0	0.39024	0.60976
0.9967	0.0033	0
0.39634	0.58537	0.01829
0.03125	0.46875	0.5
0.99912	0.00088	0
0.42105	0.56842	0.01053
0	0.66667	0.33333
1	0	0
0.41176	0.57353	0.01471
0.2	0.4	0.4
0.99917	0.00083	0
0.48	0.48	0.04
0.08333	0.5	0.41667
0.99906	0.00094	0
0.30769	0.65385	0.03846
0	0.375	0.625
1	0	0
0.31034	0.68966	0
0	0.66667	0.33333
0.99806	0.00194	0
0.26667	0.73333	0
0	0	1
0.99658	0.00342	0
0.4	0.6	0
0	1	0
1	0	0
0.45454	0.45455	0.09091
0	1	0
0.9986	0.0014	0
0.25	0.75	0
0	0	1
0.99876	0.00124	0
0	1	0
0	0.05556	0.94444
1	0	0
0.33333	0.66667	0
0	0	1
1	0	0
0.4	0.6	0
0	0	1
0.99788	0.00212	0
0	1	0
0	0.33333	0.66667
1	0	0
0.32143	0.67857	0
0	0.16667	0.83333
1	0	0
0	1	0
0	1	0
1	0	0
0.28231	0.69728	0.02041
0	0.5	0.5
1	0	0
0	1	0
0	0.375	0.625
0.99942	0.00058	0
0	1	0
0	0	1
0.99805	0.00195	0
0	1	0
0	0.14286	0.85714
0.99699	0.00301	0
0	0.76923	0.23077
0	0	1
0.99202	0.00798	0
0.05	0.9	0.05
0	0	1
0.98181	0.0179	0.00029
0.01639	0.73771	0.2459
0	0.2	0.8
0.9675	0.0325	0
0.03252	0.7561	0.21138
0	0.0625	0.9375
0.95627	0.04313	0.0006
0.02577	0.74227	0.23196
0	0.0339	0.9661
0.94284	0.05684	0.00032
0.01176	0.72157	0.26667
0	0.06818	0.93182
0.93938	0.05988	0.00074
0.01274	0.74841	0.23885
0	0.02721	0.97279
0.93649	0.06317	0.00034
0.01354	0.70881	0.27765
0	0.03774	0.96226
0.92983	0.06971	0.00046
0.02588	0.73177	0.24235
0	0.06884	0.93116
0.94008	0.05955	0.00037
0.0297	0.73433	0.23597
0.00219	0.08334	0.91447
0.93671	0.06329	0
0.04158	0.75273	0.20569
0.00257	0.09512	0.90231
0.9341	0.0659	0
0.05475	0.69707	0.24818
0	0.08752	0.91248
0.9486	0.0514	0
0.098	0.672	0.23
0	0.11786	0.88214
0.93902	0.06098	0
0.1087	0.68478	0.20652
0.00168	0.11892	0.8794
0.95335	0.04614	0.00051
0.10099	0.7053	0.19371
0.00145	0.11774	0.88081
0.95848	0.04152	0
0.09939	0.73225	0.16836
0.0015	0.13901	0.85949
0.9579	0.04131	0.00079
0.10058	0.7234	0.17602
0	0.14154	0.85846
0.95607	0.04264	0.00129
0.14176	0.68966	0.16858
0.00264	0.13306	0.8643
0.94557	0.05281	0.00162
0.14751	0.67433	0.17816
0	0.14735	0.85265
0.97477	0.02523	0
0.16694	0.66121	0.17185
0	0.15083	0.84917
0.961	0.039	0
0.13228	0.7328	0.13492
0	0.14407	0.85593
0.97236	0.02764	0
0.14375	0.68542	0.17083
0.00372	0.18809	0.80819
0.9604	0.0396	0
0.16877	0.7078	0.12343
0	0.1524	0.8476
0.97351	0.02649	0
0.15556	0.7037	0.14074
0	0.1779	0.8221
0.97395	0.02605	0
0.16667	0.72294	0.11039
0.00234	0.1733	0.82436
0.97853	0.02147	0
0.17665	0.72754	0.09581
0.00314	0.20062	0.79624
0.97605	0.02395	0
0.19814	0.71827	0.08359
0	0.22603	0.77397
0.97998	0.02002	0
0.2112	0.68956	0.09924
0.00656	0.16393	0.82951
0.98651	0.01349	0
0.18937	0.72425	0.08638
0	0.20313	0.79687
0.98593	0.01407	0
0.18135	0.7202	0.09845
0.00394	0.20866	0.7874
0.99301	0.00699	0
0.212	0.728	0.06
0	0.19481	0.80519
0.9902	0.0098	0
0.22311	0.72111	0.05578
0	0.26087	0.73913
0.98957	0.01043	0
0.25346	0.67742	0.06912
0.00763	0.18321	0.80916
0.99187	0.00813	0
0.29213	0.62922	0.07865
0.01887	0.16981	0.81132
0.99419	0.00581	0
0.25316	0.68988	0.05696
0	0.22772	0.77228
0.99091	0.00909	0
0.31967	0.63115	0.04918
0	0.19318	0.80682
0.99575	0.00425	0
0.29885	0.65517	0.04598
0	0.25455	0.74545
0.99488	0.00512	0
0.25	0.70238	0.04762
0	0.33333	0.66667
0.99666	0.00334	0
0.30769	0.64616	0.04615
0	0.25	0.75
0.99589	0.00411	0
0.32895	0.61842	0.05263
0	0.26829	0.73171
0.99455	0.00545	0
0.30303	0.66667	0.0303
0	0.19048	0.80952
1	0	0
0.29268	0.63415	0.07317
0	0.14815	0.85185
0.99873	0.00127	0
0.2973	0.64865	0.05405
0.05882	0.17648	0.7647
0.99727	0.00273	0
0.27273	0.68181	0.04546
0	0.44444	0.55556
0.99789	0.00211	0
0.13044	0.73913	0.13043
0	0.17647	0.82353
0.99679	0.00321	0
0.23077	0.76923	0
0	0.16667	0.83333
0.99637	0.00363	0
0.3125	0.6875	0
0	0.125	0.875
1	0	0
0.22222	0.72222	0.05556
0	0.33333	0.66667
0.99182	0.00818	0
0.05	0.7	0.25
0	0.14286	0.85714
0.98388	0.01612	0
0.02985	0.80597	0.16418
0	0	1
0.96339	0.03661	0
0.01587	0.80953	0.1746
0	0.19048	0.80952
0.94362	0.05608	0.0003
0.00417	0.76666	0.22917
0.01724	0.05172	0.93104
0.92615	0.07352	0.00033
0.00937	0.71251	0.27812
0	0.0315	0.9685
0.92695	0.07233	0.00072
0.01848	0.69053	0.29099
0	0.03879	0.96121
0.92	0.07923	0.00077
0.03411	0.68402	0.28187
0	0.03846	0.96154
0.91685	0.08182	0.00133
0.02749	0.71821	0.2543
0	0.05665	0.94335
0.92708	0.07292	0
0.02737	0.7281	0.24453
0.00197	0.07693	0.9211
0.93068	0.06932	0
0.0456	0.71855	0.23585
0	0.07071	0.92929
0.91824	0.08106	0.0007
0.07065	0.74819	0.18116
0	0.08703	0.91297
0.93936	0.06013	0.00051
0.09237	0.71261	0.19502
0	0.12801	0.87199
0.93246	0.06754	0
0.09725	0.67231	0.23044
0	0.14462	0.85538
0.94374	0.05552	0.00074
0.11457	0.69885	0.18658
0.00127	0.12707	0.87166
0.94632	0.05368	0
0.13931	0.66794	0.19275
0	0.14912	0.85088
0.94703	0.05297	0
0.13052	0.71593	0.15355
0	0.14265	0.85735
0.96379	0.03555	0.00066
0.13559	0.71017	0.15424
0	0.12414	0.87586
0.95652	0.04348	0
0.13993	0.70649	0.15358
0.00444	0.18343	0.81213
0.95648	0.04352	0
0.13158	0.71457	0.15385
0.00175	0.18214	0.81611
0.97616	0.02384	0
0.16413	0.70051	0.13536
0.00154	0.17257	0.82589
0.96216	0.03784	0
0.17589	0.71344	0.11067
0	0.16834	0.83166
0.9767	0.0233	0
0.16667	0.69534	0.13799
0.00184	0.20183	0.79633
0.96995	0.02885	0.0012
0.21951	0.68293	0.09756
0	0.17476	0.82524
0.97954	0.02046	0
0.18	0.71556	0.10444
0.00509	0.16285	0.83206
0.98333	0.01667	0
0.1875	0.72321	0.08929
0.0034	0.21769	0.77891
0.97925	0.02075	0
0.22455	0.67964	0.09581
0.00372	0.20818	0.7881
0.98884	0.01116	0
0.2	0.74359	0.05641
0.00415	0.21162	0.78423
0.98528	0.01472	0
0.24101	0.71582	0.04317
0.00503	0.26633	0.72864
0.98869	0.01131	0
0.23438	0.69531	0.07031
0.02	0.32667	0.65333
0.99496	0.00504	0
0.22945	0.74658	0.02397
0.01626	0.34146	0.64228
0.9975	0.0025	0
0.26693	0.71315	0.01992
0	0.32927	0.67073
0.99778	0.00222	0
0.30631	0.68018	0.01351
0	0.37705	0.62295
0.99586	0.00414	0
0.28125	0.70833	0.01042
0	0.25926	0.74074
1	0	0
0.37391	0.62609	0
0.05263	0.36842	0.57895
1	0	0
0.5082	0.47541	0.01639
0	0.5	0.5
1	0	0
0.46342	0.51219	0.02439
0	0	1
1	0	0
0.41935	0.58065	0
0	0.28571	0.71429
1	0	0
0.47619	0.47619	0.04762
0.16667	0.33333	0.5
1	0	0
0.45454	0.5	0.04546
0	0	1
1	0	0
0.38461	0.61539	0
0	0.5	0.5
0.99886	0.00114	0
0.4	0.6	0
0.0625	0.33333	0.60417
0.99691	0.00309	0
0.57143	0.42857	0
0	0	1
0.9986	0.0014	0
0.25	0.75	0
0	0.33333	0.66667
1	0	0
0	1	0
0	0.25	0.75
1	0	0
0	1	0
0	0	1
1	0	0
0.66667	0.33333	0
0	1	0
1	0	0
0	1	0
0	0.5	0.5
1	0	0
0	0.80952	0.19048
0	0.41667	0.58333
1	0	0
0.33333	0.66667	0
0	0.5	0.5
1	0	0
1	0	0
0	0	1
1	0	0
0	1	0
0	0	1
1	0	0
0	1	0
0	0.28724	0.71276
0.99693	0.00307	0
0.125	0.8125	0.0625
0	0.33333	0.66667
0.99177	0.00796	0.00027
0	0.90476	0.09524
0	0.09091	0.90909
0.9853	0.0147	0
0.02128	0.82978	0.14894
0	0.1	0.9
0.96736	0.03264	0
0.03704	0.77777	0.18519
0	0	1
0.96207	0.03764	0.00029
0.01429	0.73333	0.25238
0	0.03571	0.96429
0.94994	0.04943	0.00063
0.02422	0.64706	0.32872
0	0.02885	0.97115
0.94246	0.05754	0
0.00542	0.74526	0.24932
